8 100
271 2861
275 2991
259 2672
260 2662
259 2663
262 2670
263 2671
260 2656
258 2670
257 2687
256 2665
258 2687
256 2699
257 2689
257 2657
258 2665
259 2663
259 2659
258 2655
262 2661
262 2666
261 2686
261 2698
258 2672
256 2661
254 2681
257 2693
254 2661
257 2664
257 2657
259 2666
259 2662
259 2664
262 2666
261 2672
259 2673
258 2679
256 2674
256 2664
254 2665
255 2664
256 2663
260 2691
261 2684
260 2674
259 2665
265 2656
263 2668
262 2659
261 2651
258 2664
255 2665
256 2677
254 2664
255 2663
257 2712
261 2777
262 2755
263 2803
256 2809
254 2670
254 2683
256 2668
258 2700
259 2690
261 2670
261 2687
261 2691
261 2688
259 2682
263 2683
260 2661
263 2660
258 2664
256 2677
256 2676
256 2690
254 2674
257 2684
256 2661
258 2672
258 2674
258 2657
259 2657
260 2664
262 2663
260 2666
257 2669
256 2672
258 2686
255 2660
255 2655
256 2665
257 2648
260 2683
258 2667
260 2674
264 2671
264 2680
262 2679
160 1477
160 1487
155 1432
159 1481
160 1472
164 1480
149 1471
158 1450
161 1460
160 1490
161 1479
158 1455
160 1480
161 1425
159 1485
160 1462
163 1494
158 1477
160 1447
161 1481
159 1483
161 1471
161 1487
151 1397
162 1458
158 1491
160 1473
159 1467
160 1476
161 1455
156 1413
160 1479
163 1479
158 1486
164 1483
166 1488
158 1491
164 1483
152 1432
161 1471
162 1422
156 1456
161 1504
155 1419
157 1423
159 1442
159 1457
160 1483
164 1480
156 1464
161 1473
156 1444
160 1483
158 1457
161 1473
163 1476
154 1403
152 1430
160 1461
157 1487
157 1449
164 1476
160 1496
152 1453
162 1457
158 1509
162 1542
164 1518
156 1523
162 1515
164 1510
166 1593
155 1406
151 1404
159 1500
160 1445
162 1486
159 1488
162 1474
156 1491
160 1477
158 1464
156 1463
160 1485
161 1490
156 1474
158 1430
167 1478
158 1466
160 1466
163 1428
156 1466
161 1478
160 1486
159 1478
162 1474
162 1480
160 1479
165 1476
159 1487
129 1049
124 1005
125 1035
128 1035
128 1031
132 1054
134 1059
128 1059
128 1091
139 1044
129 1052
130 1056
130 1071
128 1060
126 1054
128 1063
130 1052
130 1059
125 1059
133 1027
129 1030
128 1051
128 1028
124 1048
124 1036
123 1054
127 1027
128 1056
135 1041
129 1051
129 1047
139 1067
127 1042
131 1039
129 1044
130 1048
126 1045
138 1055
123 1042
130 1046
124 1046
131 1074
129 1037
131 1047
136 1057
130 1065
131 1060
135 1051
129 1037
136 1039
131 1054
132 1056
132 1020
129 1053
127 1042
128 1038
125 1051
129 1049
138 1031
131 1038
125 1049
129 1035
131 1039
129 1036
133 1047
128 1058
129 1048
133 1012
128 1050
138 1052
132 1052
130 1040
130 1046
127 1024
130 1041
144 1107
123 1038
130 1043
130 1079
142 1102
136 1078
132 1137
132 1027
122 1019
130 1060
130 1051
131 1052
133 1045
125 1049
125 1047
131 1036
132 1032
138 1043
136 1058
127 1044
126 1040
127 1012
128 1053
124 1038
130 995
110 809
112 819
111 821
111 818
109 808
110 805
112 804
134 815
122 815
126 809
128 803
107 822
121 824
113 805
126 803
111 811
113 808
112 815
125 815
119 811
116 805
113 813
129 811
112 800
114 808
121 807
111 806
111 803
112 803
121 806
121 822
125 807
121 806
111 808
111 801
124 817
113 804
126 815
126 815
111 803
116 815
118 810
113 817
110 812
112 805
111 817
112 809
109 813
112 819
112 807
111 809
123 829
124 804
113 809
111 807
114 805
113 821
124 809
111 804
128 804
112 804
113 807
121 803
114 812
124 813
123 800
114 804
112 807
112 815
120 812
112 809
124 807
111 818
116 803
114 809
121 818
127 823
110 806
117 798
125 803
114 819
113 806
119 810
119 807
110 806
127 807
111 803
124 805
121 808
112 815
113 808
115 804
119 808
112 803
133 807
119 809
114 819
114 810
121 810
126 803
113 828
110 753
113 804
112 767
116 726
110 819
112 761
112 800
108 762
112 777
118 794
114 766
111 775
116 754
122 820
109 778
110 778
115 763
115 789
107 815
109 740
112 820
109 824
109 777
112 768
121 773
111 772
117 807
136 843
109 796
113 768
111 843
121 797
117 834
124 898
114 786
111 819
112 817
112 817
127 829
115 778
112 784
112 744
114 824
109 773
110 825
113 776
109 825
116 772
118 818
120 761
115 762
109 827
109 816
112 819
110 822
108 787
109 780
112 762
109 754
113 785
126 762
114 811
112 818
120 765
108 778
122 740
110 760
110 781
111 766
112 782
112 776
119 809
112 767
112 829
113 791
113 766
114 820
111 779
115 798
123 779
119 758
115 802
112 765
113 737
118 823
122 763
115 763
115 799
110 785
109 761
114 817
115 823
112 765
108 742
118 818
112 792
111 749
113 780
119 776
111 736
115 738
112 724
112 733
115 742
119 717
108 731
115 739
111 726
111 705
113 705
114 716
120 720
114 707
107 725
121 691
110 718
112 708
119 718
110 718
112 716
110 711
109 716
114 713
114 713
119 721
123 704
116 721
119 707
114 686
111 736
109 707
110 697
109 708
119 726
118 712
121 732
116 724
109 733
109 690
117 731
116 723
120 722
116 704
119 717
112 697
120 732
112 732
114 720
111 732
111 725
115 726
114 710
115 697
112 711
109 723
113 718
116 730
110 728
112 703
111 735
119 716
112 729
111 704
118 724
113 724
111 733
114 705
112 711
108 733
109 737
123 728
123 694
112 720
109 725
111 714
116 714
115 721
112 714
109 726
117 696
111 710
111 723
122 720
124 721
118 720
110 702
158 749
124 794
115 732
129 728
118 753
126 791
116 728
114 772
152 799
119 731
118 702
122 719
112 712
117 683
115 684
122 670
118 680
112 663
116 652
114 664
115 651
122 671
120 671
116 671
111 659
113 658
116 670
113 651
120 689
115 672
111 665
111 668
130 652
114 686
116 658
119 645
122 658
112 680
119 673
110 665
111 679
122 682
115 651
122 671
111 675
116 674
115 651
115 672
116 656
118 666
118 676
113 668
125 670
120 660
116 648
118 659
110 671
115 682
114 661
134 677
113 680
114 665
111 663
112 665
115 675
123 667
114 666
120 661
113 663
122 669
118 658
112 674
111 667
128 671
120 653
122 682
116 648
123 670
111 667
121 656
116 690
115 663
116 642
118 654
125 653
126 673
114 651
110 677
114 669
113 682
123 652
115 657
120 659
118 675
115 683
119 668
111 655
113 676
116 675
115 679
113 662
106 670
119 655
113 674
121 667
122 656
116 671
124 677
112 678
117 664
122 654
124 683
121 672
124 632
121 616
124 626
123 663
134 623
132 641
128 641
121 633
117 644
115 643
116 621
122 639
122 634
122 632
125 641
113 643
140 652
121 625
121 615
126 642
116 638
125 627
123 639
118 638
126 651
120 623
120 613
121 617
117 626
121 643
116 643
124 629
124 636
120 635
115 621
115 635
122 651
122 635
119 617
129 641
120 622
156 666
121 624
122 633
114 631
121 629
131 632
125 627
125 639
134 652
120 645
128 636
122 624
121 624
121 641
113 698
169 642
122 710
132 648
124 683
124 644
254 783
201 655
121 691
124 632
213 754
120 646
122 634
130 645
122 622
151 644
113 622
121 636
117 635
121 653
119 633
118 624
123 667
123 622
131 626
131 628
118 618
126 638
122 642
145 620
119 642
124 640
143 629
124 625
115 621
123 656
117 637
119 615
122 634
120 615
120 649
120 630
140 630
130 639
113 660
